175
30
125
142
172
72
106
139
55
116
180
125
155
151
62
56
77
83
38
17
36
77
110
115
187
200
144
163
139
36
14
13
60
62
102
76
107
62
27
88
19
72
103
32
92
60
149
23
111
110
86
33
77
179
180
189
122
106
155
59
107
170
155
200
120
198
185
111
68
40
139
122
86
71
148
172
75
143
72
72
79
180
105
146
200
111
103
188
87
27
139
143
193
155
172
13
158
155
29
64
142
64
81
86
118
175
16
54
30
40
100
188
125
149
47
40
102
14
16
19
146
185
46
45
142
32
170
185
122
172
17
23
139
13
125
105
16
54
49
163
55
47
198
110
158
146
32
13
68
105
149
18
47
83
66
163
98
196
29
182
148
13
32
28
18
66
118
172
48
182
76
66
68
64
148
120
76
66
179
98
19
66
120
157
106
144
10
87
103
114
23
99
56
48
100
19
17
45
198
114
196
139
125
62
103
22
102
48
76
59
116
118
47
58
189
146
83
51
180
105
28
185
120
83
19
29
130
23
151
45
146
120
155
185
175
56
114
38
196
59
86
107
90
81
71
10
58
54
102
29
83
155
118
59
118
148
151
168
22
55
1
64
23
125
182
47
144
114
36
98
18
55
79
36
60
86
73
149
1
14
143
148
90
149
79
70
81
10
55
45
151
130
23
149
158
149
146
18
14
79
37
163
118
146
88
29
172
64
54
144
16
168
16
77
60
16
40
36
130
130
111
33
64
55
18
18
105
151
40
49
182
36
155
102
22
139
22
70
10
55
146
155
99
16
83
106
131
86
105
72
107
168
149
155
170
75
200
107
38
1
132
75
47
151
76
98
35
23
75
114
111
108
49
83
155
115
151
1
27
155
10
168
79
149
103
116
73
32
99
83
168
30
77
49
108
73
158
14
163
107
98
14
187
188
170
66
18
70
58
55
48
75
77
90
200
77
132
108
131
27
83
100
58
100
72
22
58
66
148
111
29
54
151
168
105
79
33
163
76
188
168
149
100
170
49
131
88
28
59
14
30
98
175
14
193
68
120
28
55
1
62
143
72
182
58
170
99
60
49
48
149
62
120
68
196
28
163
87
19
188
179
157
90
55
189
103
158
189
19
64
13
185
60
76
64
37
143
103
148
196
38
68
170
86
23
83
77
10
170
193
132
105
73
158
35
139
17
86
98
90
149
114
182
115
17
40
106
86
163
182
148
75
99
158
148
110
59
35
37
14
163
30
77
179
58
87
193
168
196
83
16
60
170
16
130
16
168
1
33
55
155
189
151
105
72
198
163
122
142
120
27
115
99
40
68
108
14
29
105
106
106
106
86
142
58
55
76
182
108
107
114
35
81
148
114
99
75
151
168
139
37
35
76
1
59
77
132
155
175
79
111
37
107
59
180
189
146
45
139
143
17
13
10
32
14
168
200
189
175
16
51
155
49
170
200
111
68
62
33
83
144
100
18
188
125
148
66
88
151
30
182
182
99
71
155
107
189
72
102
198
22
47
79
90
185
77
73
55
116
30
36
108
118
17
92
86
55
30
40
46
46
79
16
32
196
13
66
132
116
75
19
168
46
66
107
198
29
60
22
180
98
142
132
87
32
196
92
83
68
187
108
28
106
30
27
1
56
49
122
54
187
115
106
182
33
18
77
189
64
185
17
23
100
180
100
64
132
22
18
111
158
106
83
105
99
110
111
86
86
200
56
131
30
87
51
30
115
98
189
102
83
19
47
55
163
111
99
132
70
48
105
56
79
142
77
87
71
168
144
92
193
182
143
114
158
23
30
68
28
142
79
45
149
72
81
99
189
139
144
66
103
120
1
198
158
198
142
68
51
46
62
18
157
108
200
28
189
163
47
88
108
27
131
198
185
36
149
55
196
16
22
29
83
13
18
180
32
37
115
143
105
92
144
92
56
66
139
10
175
18
142
46
27
158
143
111
40
182
158
108
163
10
37
116
143
146
36
132
170
155
106
76
118
155
59
77
16
180
86
81
188
72
188
115
33
102
148
76
79
114
62
62
106
48
16
35
90
149
60
58
116
79
19
107
81
193
155
168
58
62
122
132
81
139
23
75
110
168
70
47
55
73
70
155
23
198
22
148
68
175
120
143
168
54
107
106
30
146
132
70
107
155
33
158
100
13
172
73
47
54
122
92
111
114
48
170
23
48
33
55
182
75
75
47
118
116
189
200
142
111
30
48
103
73
116
64
185
180
185
66
111
35
14
66
71
120
73
110
179
49
27
143
157
79
59
149
54
193
198
98